version=2dh040419davos 46.8 -9.83  3.419379pr840
inst 0  .1845  .16251  .477833 -.48255  0  .341  2.35  1.1342  1490  105  3E-08 1021141693 0  4300  9080  13800  21700  25000 2972mkiii2 0  0  0  0  0  0  0 -1 -4  242 -3  770  740  8028  178  2503  .9965  10  1738  250  .6  64  256  0 000 0 
disp 2856.469  7.694791E-02 -7.58314E-07  2896.38  7.603934E-02 -7.550831E-07  2932.915  7.536076E-02 -7.737756E-07  2968.062  7.460495E-02 -7.844839E-07  3002.456  7.361168E-02 -7.557001E-07  2823.874  7.747915E-02 -7.405234E-07  4284.703  .1154219 -1.137471E-06  4344.57  .114059 -1.132625E-06  4399.372  .1130411 -1.160663E-06  4452.093  .1119074 -1.176726E-06  4503.684  .1104175 -1.13355E-06  4235.811  .1162187 -1.110785E-06 
zeni-.0064 -.01968  .01654  .206792  .281876 -.060814 -.509342  .458899 -.044206 
ap05:59:04 28.21 27.93 27.64 1057.98 11.95 5.01-10.9 24.48 0 26.6 27.07 26.69 5.02-4.39 0 0 0 .6 .15 .15 0 0 .03 12.19 28.88 27.83 27.64 1057.98 11.96 4.99-10.9 24.26 0 26.41 27.07 26.6 5.03-4.4 1.54 9.640001 .37 12.64 1.41 .62 0 0 .11 12.66
hp06:08:14 .9934786 66494.58 80.6 28
hg06:10:39 .9999 1020.516 1021 336419 28
hp06:40:28 .9930216 65989.07 79.7 30
hp07:56:51 .9928768 66547.56 79.7 29
hg07:59:16 .9999 1020.618 1021 305592 29
hp09:20:40 .9933476 66614.56 79.1 29
hg09:23:05 .9999 1020.616 1021 301119 29
hp10:02:09 .9929348 66581.98 80.3 29
hg10:04:34 .9999 1020.811 1021 293652 29
hp11:35:43 .9935442 66773.06 80.5 29
hg11:38:08 .9999 1020.605 1021 301185 29