version=2dh080419davos 46.8 -9.83  3.32761pr840
inst 0  .1845  .16251  .477833 -.48255  0  .341  2.35  1.1342  1490  105  3E-08 1021141693 0  4300  9080  13800  21700  25000 2972mkiii2 0  0  0  0  0  0  0 -1 -4  242 -3  770  740  8028  178  2503  .9965  10  1738  250  .6  64  256  0 000 0 
disp 2856.469  7.694791E-02 -7.58314E-07  2896.38  7.603934E-02 -7.550831E-07  2932.915  7.536076E-02 -7.737756E-07  2968.062  7.460495E-02 -7.844839E-07  3002.456  7.361168E-02 -7.557001E-07  2823.874  7.747915E-02 -7.405234E-07  4284.703  .1154219 -1.137471E-06  4344.57  .114059 -1.132625E-06  4399.372  .1130411 -1.160663E-06  4452.093  .1119074 -1.176726E-06  4503.684  .1104175 -1.13355E-06  4235.811  .1162187 -1.110785E-06 
zeni-.0064 -.01968  .01654  .206792  .281876 -.060814 -.509342  .458899 -.044206 
hp06:43:03 .9933838 66564.56 80.4 28
hg06:45:27 .9999 1020.541 1021 294980 28
hp07:17:12 .9935564 66564.96 80.5 29
hg07:19:37 .9999 1020.659 1021 301506 30
hp07:22:06 .9928298 65974.07 79.4 29
hg07:24:31 .9999 1020.563 1021 356928 29
hp07:53:26 .9933877 66322.41 80.2 30
hg07:55:51 .9999 1020.497 1020 313799 30
hp08:31:27 .9938988 66397.28 80.6 31
hg08:33:52 .9999 1021.19 1021 316776 31
hp09:11:32 .9935176 66321.91 79.3 31
hg09:13:57 .9999 1021.376 1021 321875 31
hp09:52:57 .9933891 66175.04 80.4 30
hg09:55:22 .9999 1021.309 1021 308070 30
hp10:11:07 .9938104 65635.78 80.2 30
hg10:13:32 .9998 1021.34 1021 294621 30
hp10:49:36 .993214 66378.59 80.4 29
hg10:52:01 .9999 1021.302 1021 298800 29
hp11:17:29 .9934229 66496.82 80.1 29
hg11:19:53 .9999 1021.478 1021 295029 29
hp11:39:37 .9938721 65810.03 80.4 29
hg11:42:02 .9999 1021.505 1022 285231 29
hp13:02:43 .9935977 66552 80.5 30
hg13:05:08 .9999 1020.352 1020 310497 30