version=2dh090419davos 46.8 -9.83  3.383691pr840
inst 0  .1845  .16251  .477833 -.48255  0  .341  2.35  1.1342  1490  105  3E-08 1021141693 0  4300  9080  13800  21700  25000 2972mkiii2 0  0  0  0  0  0  0 -1 -4  242 -3  770  740  8028  178  2503  .9965  10  1738  250  .6  64  256  0 000 0 
disp 2856.469  7.694791E-02 -7.58314E-07  2896.38  7.603934E-02 -7.550831E-07  2932.915  7.536076E-02 -7.737756E-07  2968.062  7.460495E-02 -7.844839E-07  3002.456  7.361168E-02 -7.557001E-07  2823.874  7.747915E-02 -7.405234E-07  4284.703  .1154219 -1.137471E-06  4344.57  .114059 -1.132625E-06  4399.372  .1130411 -1.160663E-06  4452.093  .1119074 -1.176726E-06  4503.684  .1104175 -1.13355E-06  4235.811  .1162187 -1.110785E-06 
zeni-.0064 -.01968  .01654  .206792  .281876 -.060814 -.509342  .458899 -.044206 
hp12:27:03 .9927865 66614.75 79.1 28
hg12:29:28 .9999 1021.358 1021 304176 28
co13:39:46fr: Micrometer #1 discrepancy=-1028 Now set to o3 offset =-1
co13:40:46fr: Micrometer #2 discrepancy=-8669 Now set to offset =-4
hp13:41:56 .9947859 66346.82 62.2 28
hp13:42:37 .9936164 67591.81 80.6 28
hg13:45:02 .9978 1026.213 1026 316957 28
hg13:46:15 .9999 1021.435 1021 388619 28