version=2dh020119Sondrestrom 66.9958  50.6214  2.624042pr980
inst 0 -.5461 -.8458 -.9926 -1.0442  .056  .3444  2.35  1.1417  1495  206  2.5E-08 286141699 0  4143  8938  14393  19432  25887 2972mkiii1 0  0  0  0  0  0  0  3  2  242 -3  770  740  8028  178  2515  1 -18  2469  250  .4  0  256  0 0 0 
disp 2859.04  .0757793 -6.76047E-07  2898.24  .075197 -7.07023E-07  2934.75  .074587 -7.34202E-07  2970.08  .0737582 -7.386641E-07  3005.12  7.244601E-02 -6.80419E-07  2826.1  .0765543 -6.94199E-07  4288.56  .113669 -1.01407E-06  4347.37  .112796 -1.06053E-06  4402.12  .111881 -1.1013E-06  4455.12  .110637 -1.108E-06  4507.68  .108669 -1.02063E-06  4239.15  .114831 -1.0413E-06 
zeni .410311 -.368655  .071416 -2.151968  2.162044 -.351812  2.574614 -1.969205  .320049 
hp03:27:03 .9947756 109389.5 79.9 17
hg03:33:27 .9993 286.4469 286 80624 17
co09:34:31fr: Micrometer #1 discrepancy= 2 Now set to o3 offset = 2
co09:35:28fr: Micrometer #2 discrepancy= 4 Now set to offset = 1
hp09:37:03 .9950001 109391.2 76.7 16
hg09:43:26 .9994 286.3169 286 80757 16
hp13:00:26 .9949199 109652.5 79.7 16
hg13:06:49 .9994 286.3697 286 79969 16
sla 0 792.240620 272310 0 309974 359699 439046 498249 558000rat 2063 1421 553 497
sla 0 792.930620 271893 0 309978 359843 438968 497260 558479rat 2055 1411 545 509
sla 0 793.620620 272224 3 310020 359986 439064 497621 559726rat 2057 1412 547 516
sla 0 794.320620 271825 1 309900 359884 439642 497761 559287rat 2060 1415 542 511
sla 0 795.010620 271879 0 309878 360146 439430 497595 558556rat 2059 1410 543 507
sla 0 795.70620 272307 3 309971 360639 439047 498136 559887rat 2063 1409 552 513
sla 0 796.390620 271731 0 310039 360195 439843 497712 559123rat 2058 1411 540 510
summary13:14:18JAN 02/19 93.24299 99.999 16sl 0 2059 1413 546 509 430 274 309965.7 559008.3 3 4 5 6 21 13 111.7 688.7
co13:17:12az: Azimuth discrepancy =  0
co13:17:57az: Azimuth discrepancy =  1
co15:04:39uf: UV fast  scan started
co15:07:57uf: UV fast  scan finished, incident DUV =  .3671594 mW/m^2
co15:28:17uf: UV fast  scan started
co15:31:35uf: UV fast  scan finished, incident DUV =  .3638063 mW/m^2
co15:51:55uf: UV fast  scan started
co15:55:13uf: UV fast  scan finished, incident DUV =  .3467648 mW/m^2
hp18:12:13 .9944589 109640.3 81.3 15
hg18:18:36 .9994 286.1284 286 80892 15
sla 0 1104.020620 272460 2 310640 360172 438850 497202 559063rat 2045 1406 545 514
sla 0 1104.710620 272784 0 311095 360516 439572 497689 559883rat 2043 1406 543 517
sla 0 1105.40620 272485 1 310662 359992 439597 497222 559183rat 2045 1409 538 515
sla 0 1106.10620 272811 0 310733 360883 440423 498424 559182rat 2054 1408 541 505
sla 0 1106.790620 272855 1 310652 360707 440571 498052 559258rat 2052 1407 536 508
sla 0 1107.480620 272833 0 310850 361384 440718 498683 560068rat 2055 1405 540 509
sla 0 1108.170620 273234 0 310970 360997 439913 498253 560217rat 2049 1406 544 514
summary18:26:05JAN 02/19 95.914 99.999 16sl 0 2049 1407 541 512 411 266 310800.3 559550.6 5 1 3 4 19 9 223.5 499.7
ap19:14:18 16.5 17.26 12.79 1059.11 12.11 5.06-12.05 24.87 0 7.37 16.21 7.47 5.01-4.91 .02 0 .04 0 1.3 2.17 8.26 1.21 2.02 2.26 16.5 17.26 12.79 1059.11 12.1 5.06-12.05 24.2 .25 7.37 16.21 7.56 5.01-4.91 1.44 9.42 .42 12.48 3.22 2.65 8.26 1.21 2.01 2.27ed