version=2dh040119Sondrestrom 66.9958  50.6214  2.644435pr980
inst 0 -.5461 -.8458 -.9926 -1.0442  .056  .3444  2.35  1.1417  1495  206  2.5E-08 286141699 0  4143  8938  14393  19432  25887 2972mkiii1 0  0  0  0  0  0  0  3  2  242 -3  770  740  8028  178  2515  1 -18  2469  250  .4  0  256  0 0 0 
disp 2859.04  .0757793 -6.76047E-07  2898.24  .075197 -7.07023E-07  2934.75  .074587 -7.34202E-07  2970.08  .0737582 -7.386641E-07  3005.12  7.244601E-02 -6.80419E-07  2826.1  .0765543 -6.94199E-07  4288.56  .113669 -1.01407E-06  4347.37  .112796 -1.06053E-06  4402.12  .111881 -1.1013E-06  4455.12  .110637 -1.108E-06  4507.68  .108669 -1.02063E-06  4239.15  .114831 -1.0413E-06 
zeni .410311 -.368655  .071416 -2.151968  2.162044 -.351812  2.574614 -1.969205  .320049 
hp12:57:50 .9952335 109909.8 81 16
hg13:04:13 .9994 286.4451 286 82654 16
sla 0 789.640620 273220 1 311156 360989 440450 497836 560499rat 2043 1402 535 520
sla 0 790.330620 273469 0 310846 360768 440290 498272 559573rat 2051 1409 541 509
sla 0 791.020620 273579 1 310982 360740 439600 498645 560462rat 2053 1412 551 513
sla 0 791.720620 273097 3 310905 360513 440521 498102 559851rat 2049 1410 537 513
sla 0 792.410620 272737 1 311252 360357 440847 498831 560285rat 2051 1418 540 510
sla 0 793.10620 272981 1 311149 360871 439891 498147 559395rat 2046 1406 543 509
sla 0 793.790620 273094 2 311464 360806 440605 498439 560499rat 2044 1410 539 515
summary13:11:42JAN 04/19 93.227 99.999 16sl 0 2048 1410 541 513 408 268 311107.8 560080.6 4 5 5 4 16 10 223.5 474
co13:14:35az: Azimuth discrepancy =  1
co13:15:21az: Azimuth discrepancy =  1
co14:49:14uf: UV fast  scan started
co14:52:32uf: UV fast  scan finished, incident DUV =  .1478391 mW/m^2
co15:12:52uf: UV fast  scan started
co15:16:10uf: UV fast  scan finished, incident DUV =  .1666238 mW/m^2
co15:36:31uf: UV fast  scan started
co15:39:48uf: UV fast  scan finished, incident DUV =  .1929527 mW/m^2
co16:00:09uf: UV fast  scan started
co16:03:26uf: UV fast  scan finished, incident DUV =  .2312506 mW/m^2
co16:23:47uf: UV fast  scan started
co16:27:04uf: UV fast  scan finished, incident DUV =  .2483044 mW/m^2
hp18:16:20 .9947494 109568.7 79.4 15
hg18:22:43 .9994 286.1546 286 81181 15
sla 0 1108.150620 272945 0 310999 360663 439690 497176 558808rat 2041 1401 537 513
sla 0 1108.840620 272850 0 311107 360628 439033 498090 559093rat 2047 1409 552 507
sla 0 1109.530620 272853 2 310411 360683 439684 497608 559223rat 2053 1404 541 512
sla 0 1110.220620 272860 0 311009 360631 439610 498224 559843rat 2050 1410 547 512
sla 0 1110.920620 272830 1 310968 361067 439779 497691 559687rat 2046 1400 541 515
sla 0 1111.610620 273429 0 310902 361012 439660 498186 559789rat 2051 1405 546 512
sla 0 1112.30620 273493 1 310682 360869 440339 498641 559922rat 2058 1411 543 509
summary18:30:13JAN 04/19 95.929 99.999 15sl 0 2049 1406 544 511 413 265 310868.3 559480.7 6 4 5 3 12 7 249.8 474
ap19:18:26 15.07 16.02 7.85 1059.11 12.11 5.06-12.04 24.9 0-1.08 13.93-.23 5.01-4.91 .02 0 .04 .01 1.28 2.08 7.6 1.04 2.03 2.22 15.07 16.12 7.85 1059.11 12.11 5.06-12.04 24.22 .3-1.08 13.93-.13 5.01-4.91 1.44 9.42 .42 12.47 3.23 2.71 7.6 1.05 2.01 2.23ed