version=2dh050119Sondrestrom 66.9958  50.6214  2.593452pr980
inst 0 -.5461 -.8458 -.9926 -1.0442  .056  .3444  2.35  1.1417  1495  206  2.5E-08 286141699 0  4143  8938  14393  19432  25887 2972mkiii1 0  0  0  0  0  0  0  3  2  242 -3  770  740  8028  178  2515  1 -18  2469  250  .4  0  256  0 0 0 
disp 2859.04  .0757793 -6.76047E-07  2898.24  .075197 -7.07023E-07  2934.75  .074587 -7.34202E-07  2970.08  .0737582 -7.386641E-07  3005.12  7.244601E-02 -6.80419E-07  2826.1  .0765543 -6.94199E-07  4288.56  .113669 -1.01407E-06  4347.37  .112796 -1.06053E-06  4402.12  .111881 -1.1013E-06  4455.12  .110637 -1.108E-06  4507.68  .108669 -1.02063E-06  4239.15  .114831 -1.0413E-06 
zeni .410311 -.368655  .071416 -2.151968  2.162044 -.351812  2.574614 -1.969205  .320049 
hp12:56:22 .9944884 109072.6 80.4 15
hg13:02:45 .9994 285.8324 286 81570 15
sla 0 788.180620 271201 0 308266 358360 437439 495448 557175rat 2064 1413 544 515
sla 0 788.870620 271103 1 309140 358333 438031 495514 556248rat 2052 1414 539 507
sla 0 789.570620 270616 0 309448 359118 437211 495517 556500rat 2048 1405 547 509
sla 0 790.260620 271118 0 308653 358761 437751 494510 557403rat 2050 1400 533 525
sla 0 790.950620 270900 0 308789 358730 437401 495481 557215rat 2057 1409 545 515
sla 0 791.640620 270978 0 309337 358860 437653 495565 557024rat 2050 1408 543 513
sla 0 792.330620 270990 0 309139 358761 438258 495947 557445rat 2056 1413 540 513
summary13:10:15JAN 05/19 93.217 99.999 15sl 0 2054 1409 542 514 409 264 308967.5 557001.5 6 5 5 6 19 12 432.7 474
co13:13:08az: Azimuth discrepancy =  1
co13:13:53az: Azimuth discrepancy =  1
co14:43:03uf: UV fast  scan started
co14:46:21uf: UV fast  scan finished, incident DUV =  .3490112 mW/m^2
co15:06:41uf: UV fast  scan started
co15:09:59uf: UV fast  scan finished, incident DUV =  .395366 mW/m^2
co15:30:19uf: UV fast  scan started
co15:33:37uf: UV fast  scan finished, incident DUV =  .4133652 mW/m^2
co15:53:58uf: UV fast  scan started
co15:57:15uf: UV fast  scan finished, incident DUV =  .3833583 mW/m^2
co16:17:36uf: UV fast  scan started
co16:20:54uf: UV fast  scan finished, incident DUV =  .3202186 mW/m^2
hp18:18:33 .9947524 108901.6 79.8 13
hg18:24:57 .9993 285.7433 286 80260 13
sla 0 1110.370620 271247 1 308620 357911 436460 494208 555116rat 2050 1409 543 510
sla 0 1111.060620 270512 0 308301 357563 435882 493334 555808rat 2047 1405 541 523
sla 0 1111.750620 270834 0 308226 358210 436057 494056 556118rat 2054 1404 546 519
sla 0 1112.440620 271806 1 308485 358371 436634 493989 555654rat 2050 1401 540 516
sla 0 1113.130620 271005 0 308316 357808 436866 494404 555066rat 2056 1412 541 508
sla 0 1113.830620 270830 1 308847 358278 437122 494510 555185rat 2049 1407 539 508
sla 0 1114.520620 270525 1 308700 358502 437129 494579 556867rat 2052 1405 540 521
summary18:32:26JAN 05/19 95.93699 99.999 13sl 0 2051 1406 541 515 403 260 308499.3 555687.8 3 4 2 6 22 14 249.8 670.4
ap19:20:40 13.74 15.36 3.29 1059.11 12.13 5.07-12.02 24.9 0-8.310001 12.6-4.98 5.01-4.91 .02 .01 .04 .01 1.27 2.47 6.62 .86 1.98 2.2 13.74 15.17 3.38 1059.11 12.13 5.06-12.02 24.25 .21-8.399999 12.6-5.17 5.01-4.91 1.44 9.46 .42 12.51 3.24 2.73 6.62 .86 2 2.2ed