version=2dh060119Sondrestrom 66.9958  50.6214  2.516978pr980
inst 0 -.5461 -.8458 -.9926 -1.0442  .056  .3444  2.35  1.1417  1495  206  2.5E-08 286141699 0  4143  8938  14393  19432  25887 2972mkiii1 0  0  0  0  0  0  0  3  2  242 -3  770  740  8028  178  2515  1 -18  2469  250  .4  0  256  0 0 0 
disp 2859.04  .0757793 -6.76047E-07  2898.24  .075197 -7.07023E-07  2934.75  .074587 -7.34202E-07  2970.08  .0737582 -7.386641E-07  3005.12  7.244601E-02 -6.80419E-07  2826.1  .0765543 -6.94199E-07  4288.56  .113669 -1.01407E-06  4347.37  .112796 -1.06053E-06  4402.12  .111881 -1.1013E-06  4455.12  .110637 -1.108E-06  4507.68  .108669 -1.02063E-06  4239.15  .114831 -1.0413E-06 
zeni .410311 -.368655  .071416 -2.151968  2.162044 -.351812  2.574614 -1.969205  .320049 
hp12:54:48 .9950092 108957.5 81.3 14
hg13:01:11 .9993 285.8949 286 81316 14
sla 0 786.610620 271440 0 309155 358547 436946 494206 555680rat 2041 1400 538 514
sla 0 787.30620 271152 0 309071 358154 436894 494990 555815rat 2049 1412 546 509
sla 0 787.990620 271053 1 308333 358339 437151 494737 555858rat 2058 1408 541 511
sla 0 788.690620 271682 0 308777 358447 437190 494827 556358rat 2052 1407 541 514
sla 0 789.380620 271048 0 309031 357996 437396 494822 555796rat 2048 1413 539 510
sla 0 790.070620 270987 1 308556 358684 437345 495253 556259rat 2059 1408 544 510
sla 0 790.760620 271069 1 309290 358558 437470 494517 556517rat 2042 1403 536 518
summary13:08:41JAN 06/19 93.207 99.999 14sl 0 2050 1407 541 512 411 266 308887.6 556040.4 7 5 4 3 16 9 335.2 353.3
co13:11:33az: Azimuth discrepancy =  3
co13:12:18az: Azimuth discrepancy =  1
co14:37:21uf: UV fast  scan started
co14:40:39uf: UV fast  scan finished, incident DUV =  .3326427 mW/m^2
co15:00:59uf: UV fast  scan started
co15:04:17uf: UV fast  scan finished, incident DUV =  .3874582 mW/m^2
co15:24:38uf: UV fast  scan started
co15:27:56uf: UV fast  scan finished, incident DUV =  .4058324 mW/m^2
co15:48:16uf: UV fast  scan started
co15:51:34uf: UV fast  scan finished, incident DUV =  .3940198 mW/m^2
co16:11:54uf: UV fast  scan started
co16:15:12uf: UV fast  scan finished, incident DUV =  .3433083 mW/m^2
co16:35:32uf: UV fast  scan started
co16:38:49uf: UV fast  scan finished, incident DUV =  .2645934 mW/m^2
hp18:20:51 .994555 109359.3 79.7 14
hg18:27:14 .9994 285.9207 286 81308 14
sla 0 1112.650620 271223 0 308826 358499 437786 496123 556815rat 2063 1418 547 506
sla 0 1113.350620 271943 1 309997 359135 438144 496279 557575rat 2048 1412 545 511
sla 0 1114.040620 271422 0 309589 358702 437992 495408 556754rat 2046 1409 538 512
sla 0 1114.730620 272206 1 309850 358843 437859 496287 557685rat 2050 1415 548 512
sla 0 1115.420620 272005 0 309749 359379 438355 496120 557640rat 2050 1407 541 513
sla 0 1116.110620 271358 1 309589 359225 438688 496621 558004rat 2057 1414 542 511
sla 0 1116.80620 272261 1 309569 359175 439127 496434 558661rat 2055 1413 536 518
summary18:34:43JAN 06/19 95.945 99.999 14sl 0 2053 1413 542 512 414 271 309595.6 557590.6 6 4 5 4 14 7 387 651.5
ap19:22:57 14.5 15.83 6.42 1059.11 12.13 5.06-12.04 24.9 0-2.98 13.55-.7 5.01-4.91 .02 0 .04 .01 1.28 2.06 7.11 .96 2.01 2.39 14.5 15.83 6.42 1059.11 12.11 5.06-12.04 24.22 .22-2.98 13.55-.61 5.01-4.91 1.44 9.43 .42 12.48 3.23 2.71 7.11 .96 2.01 2.21ed