version=2dh070119Sondrestrom 66.9958  50.6214  2.562863pr980
inst 0 -.5461 -.8458 -.9926 -1.0442  .056  .3444  2.35  1.1417  1495  206  2.5E-08 286141699 0  4143  8938  14393  19432  25887 2972mkiii1 0  0  0  0  0  0  0  3  2  242 -3  770  740  8028  178  2515  1 -18  2469  250  .4  0  256  0 0 0 
disp 2859.04  .0757793 -6.76047E-07  2898.24  .075197 -7.07023E-07  2934.75  .074587 -7.34202E-07  2970.08  .0737582 -7.386641E-07  3005.12  7.244601E-02 -6.80419E-07  2826.1  .0765543 -6.94199E-07  4288.56  .113669 -1.01407E-06  4347.37  .112796 -1.06053E-06  4402.12  .111881 -1.1013E-06  4455.12  .110637 -1.108E-06  4507.68  .108669 -1.02063E-06  4239.15  .114831 -1.0413E-06 
zeni .410311 -.368655  .071416 -2.151968  2.162044 -.351812  2.574614 -1.969205  .320049 
hp12:53:07 .9946071 109652 80.1 15
hg12:59:31 .9996 285.828 286 81483 15
sla 0 784.930620 272408 0 310381 360011 439334 497991 558681rat 2056 1416 548 505
sla 0 785.620620 273075 0 310597 360545 440395 497197 559534rat 2046 1402 530 518
sla 0 786.320620 273088 1 310576 360344 439325 497901 559387rat 2053 1411 547 511
sla 0 787.010620 272573 0 310618 360424 439948 498023 559224rat 2053 1411 542 509
sla 0 787.70620 272980 0 310976 360880 440362 497965 559506rat 2048 1405 537 511
sla 0 788.390620 272635 3 310658 360542 439466 497962 559212rat 2052 1409 546 509
sla 0 789.080620 273126 1 311149 360874 439591 498183 559773rat 2047 1407 547 511
summary13:07:00JAN 07/19 93.197 99.999 15sl 0 2051 1409 542 511 417 269 310707.9 559331 4 5 7 4 17 9 273.7 353.3
co13:09:52az: Azimuth discrepancy =  2
co13:10:37az: Azimuth discrepancy =  1
co14:31:58uf: UV fast  scan started
co14:35:16uf: UV fast  scan finished, incident DUV =  .2625487 mW/m^2
co14:55:37uf: UV fast  scan started
co14:58:54uf: UV fast  scan finished, incident DUV =  .2992463 mW/m^2
co15:19:15uf: UV fast  scan started
co15:22:32uf: UV fast  scan finished, incident DUV =  .3652925 mW/m^2
co15:42:53uf: UV fast  scan started
co15:46:11uf: UV fast  scan finished, incident DUV =  .3850451 mW/m^2
co16:06:31uf: UV fast  scan started
co16:09:49uf: UV fast  scan finished, incident DUV =  .3343486 mW/m^2
co16:30:09uf: UV fast  scan started
co16:33:27uf: UV fast  scan finished, incident DUV =  .2539426 mW/m^2
hp18:23:15 .9947559 109494.5 79.1 15
hg18:29:38 .9994 286.1256 286 80486 15
sla 0 1115.060620 272543 0 309389 359639 438671 497005 558198rat 2062 1411 546 509
sla 0 1115.750620 272475 0 310123 359610 438537 497077 558504rat 2052 1412 548 511
sla 0 1116.440620 272055 0 310569 359702 439292 497504 558834rat 2049 1415 544 510
sla 0 1117.130620 273201 0 310394 360618 438848 498019 559203rat 2057 1409 553 508
sla 0 1117.820620 272789 1 310814 359982 440011 497499 558601rat 2046 1412 537 508
sla 0 1118.510620 273319 4 310422 360123 439986 498128 559261rat 2057 1416 542 508
sla 0 1119.20620 273052 0 310331 360592 439437 497640 558972rat 2054 1406 544 510
summary18:37:07JAN 07/19 95.955 99.999 15sl 0 2054 1412 545 509 424 273 310291.7 558796.2 5 3 5 1 7 5 460.7 387
ap19:25:19 14.79 15.83 6.9 1059.11 12.13 5.06-12.04 24.87 0-.7 12.79-.51 5.01-4.91 .02 0 .04 .01 1.28 2.08 7.27 .97 2.01 2.22 14.79 15.83 6.9 1059.11 12.11 5.06-12.04 24.22 .27-.7 12.89-.42 5.01-4.91 1.44 9.43 .42 12.47 3.23 2.71 7.43 1 2.02 2.22ed