version=2dh080119Sondrestrom 66.9958  50.6214  2.573059pr980
inst 0 -.5461 -.8458 -.9926 -1.0442  .056  .3444  2.35  1.1417  1495  206  2.5E-08 286141699 0  4143  8938  14393  19432  25887 2972mkiii1 0  0  0  0  0  0  0  3  2  242 -3  770  740  8028  178  2515  1 -18  2469  250  .4  0  256  0 0 0 
disp 2859.04  .0757793 -6.76047E-07  2898.24  .075197 -7.07023E-07  2934.75  .074587 -7.34202E-07  2970.08  .0737582 -7.386641E-07  3005.12  7.244601E-02 -6.80419E-07  2826.1  .0765543 -6.94199E-07  4288.56  .113669 -1.01407E-06  4347.37  .112796 -1.06053E-06  4402.12  .111881 -1.1013E-06  4455.12  .110637 -1.108E-06  4507.68  .108669 -1.02063E-06  4239.15  .114831 -1.0413E-06 
zeni .410311 -.368655  .071416 -2.151968  2.162044 -.351812  2.574614 -1.969205  .320049 
hp12:51:20 .9947025 109231 80.5 14
hg12:57:43 .9994 286.0398 286 80672 14
sla 0 783.140620 271760 0 309311 359220 437366 495530 556310rat 2051 1404 546 508
sla 0 783.830620 271400 0 309173 359037 438842 496227 557319rat 2059 1412 537 509
sla 0 784.520620 271508 1 309525 359391 438293 496180 556420rat 2054 1408 542 503
sla 0 785.210620 272056 0 309203 359377 438192 496142 557163rat 2058 1407 543 509
sla 0 785.90620 271479 0 309070 358599 438517 496730 557589rat 2065 1422 545 507
sla 0 786.60620 271788 2 309599 358995 438922 495655 557547rat 2048 1408 531 516
sla 0 787.290620 271758 2 309347 359382 438694 496146 558536rat 2056 1407 538 520
summary13:05:12JAN 08/19 93.186 99.999 14sl 0 2056 1410 540 510 423 272 309318.3 557269.1 6 6 5 6 21 11 223.5 757.8
co13:08:05az: Azimuth discrepancy =  0
co13:08:50az: Azimuth discrepancy =  0
co14:26:48uf: UV fast  scan started
co14:30:05uf: UV fast  scan finished, incident DUV =  .3296424 mW/m^2
co14:50:26uf: UV fast  scan started
co14:53:44uf: UV fast  scan finished, incident DUV =  .3638493 mW/m^2
co15:14:04uf: UV fast  scan started
co15:17:22uf: UV fast  scan finished, incident DUV =  .4116736 mW/m^2
co15:37:42uf: UV fast  scan started
co15:41:00uf: UV fast  scan finished, incident DUV =  .4011408 mW/m^2
co16:01:20uf: UV fast  scan started
co16:04:38uf: UV fast  scan finished, incident DUV =  .3511415 mW/m^2
co16:24:58uf: UV fast  scan started
co16:28:16uf: UV fast  scan finished, incident DUV =  .2833286 mW/m^2
co16:48:37uf: UV fast  scan started
co16:51:55uf: UV fast  scan finished, incident DUV =  .2049919 mW/m^2
hp18:25:43 .9945873 109571 78.6 15
hg18:32:06 .9993 286.3696 286 80953 15
sla 0 1117.530620 271849 0 310215 359966 439628 497953 559442rat 2058 1416 544 511
sla 0 1118.220620 272005 0 310017 360021 439622 498745 559610rat 2068 1422 552 505
sla 0 1118.910620 272797 3 310226 360318 439266 498480 559987rat 2063 1416 553 510
sla 0 1119.60620 272551 0 310424 360613 440292 498491 560263rat 2060 1413 543 513
sla 0 1120.290620 272595 1 310296 360149 439925 498617 560095rat 2063 1420 547 510
sla 0 1120.980620 272571 0 310547 360339 440695 498922 560780rat 2062 1420 542 513
sla 0 1121.670620 272247 1 311003 361158 440449 498746 561329rat 2054 1408 543 519
summary18:39:35JAN 08/19 95.964 99.999 15sl 0 2061 1416 546 512 425 274 310389.7 560215.2 4 5 5 4 17 10 316 670.4
ap19:27:49 15.17 16.02 7.47 1059.11 12.11 5.06-12.04 24.87 0 1.01 13.17-.04 5.01-4.91 .02 0 .04 0 1.29 2.1 7.6 1.04 2.01 2.21 15.17 16.12 7.56 1059.11 12.11 5.06-12.04 24.22 .24 1.01 13.17 .06 5.01-4.91 1.44 9.42 .42 12.47 3.23 2.69 7.6 1.04 2.01 2.39ed