version=2dh090119Sondrestrom 66.9958  50.6214  2.603649pr980
inst 0 -.5461 -.8458 -.9926 -1.0442  .056  .3444  2.35  1.1417  1495  206  2.5E-08 286141699 0  4143  8938  14393  19432  25887 2972mkiii1 0  0  0  0  0  0  0  3  2  242 -3  770  740  8028  178  2515  1 -18  2469  250  .4  0  256  0 0 0 
disp 2859.04  .0757793 -6.76047E-07  2898.24  .075197 -7.07023E-07  2934.75  .074587 -7.34202E-07  2970.08  .0737582 -7.386641E-07  3005.12  7.244601E-02 -6.80419E-07  2826.1  .0765543 -6.94199E-07  4288.56  .113669 -1.01407E-06  4347.37  .112796 -1.06053E-06  4402.12  .111881 -1.1013E-06  4455.12  .110637 -1.108E-06  4507.68  .108669 -1.02063E-06  4239.15  .114831 -1.0413E-06 
zeni .410311 -.368655  .071416 -2.151968  2.162044 -.351812  2.574614 -1.969205  .320049 
hp12:49:27 .9948899 108892.4 79.7 14
hg12:55:50 .9994 285.9732 286 81616 14
sla 0 781.260620 271384 0 308426 358260 437322 495388 556726rat 2062 1414 545 512
sla 0 781.950620 270842 0 309130 358083 437328 495443 557189rat 2053 1417 545 515
sla 0 782.640620 270941 1 308386 358502 437701 495765 556839rat 2066 1415 545 510
sla 0 783.340620 270681 0 308853 358505 437228 495453 556782rat 2057 1412 547 512
sla 0 784.030620 271139 1 308572 358382 437619 495343 556846rat 2060 1413 542 514
sla 0 784.720620 270592 0 309724 358714 438066 495414 557219rat 2044 1409 538 516
sla 0 785.410620 270606 1 308868 359301 437965 495988 557253rat 2061 1407 544 511
summary13:03:20JAN 09/19 93.17401 99.999 14sl 0 2058 1412 544 513 416 269 308851.3 556979.1 7 4 3 2 14 4 460.7 223.5
co13:06:12az: Azimuth discrepancy =  0
co13:06:57az: Azimuth discrepancy =  1
co14:21:50uf: UV fast  scan started
co14:25:08uf: UV fast  scan finished, incident DUV =  .3794335 mW/m^2
co14:45:28uf: UV fast  scan started
co14:48:46uf: UV fast  scan finished, incident DUV =  .4741874 mW/m^2
co15:09:07uf: UV fast  scan started
co15:12:24uf: UV fast  scan finished, incident DUV =  .540696 mW/m^2
co15:32:45uf: UV fast  scan started
co15:36:02uf: UV fast  scan finished, incident DUV =  .5459782 mW/m^2
co15:56:22uf: UV fast  scan started
co15:59:40uf: UV fast  scan finished, incident DUV =  .5071457 mW/m^2
co16:20:01uf: UV fast  scan started
co16:23:18uf: UV fast  scan finished, incident DUV =  .4281804 mW/m^2
co16:43:38uf: UV fast  scan started
co16:46:55uf: UV fast  scan finished, incident DUV =  .3259773 mW/m^2
hp18:28:16 .9950474 109457.1 81.1 10
hg18:34:39 .9994 285.2696 285 71657 10
sla 0 1120.080620 271933 1 309680 359130 438536 496651 557322rat 2059 1417 545 506
sla 0 1120.770620 271923 1 309750 359703 437745 495658 556613rat 2050 1401 544 509
sla 0 1121.460620 271733 2 309764 359375 438157 496384 557612rat 2056 1411 546 511
sla 0 1122.160620 272206 1 310040 358670 438546 496481 557441rat 2053 1421 543 508
sla 0 1122.850620 271935 0 309913 359165 438597 495423 557959rat 2045 1406 533 522
sla 0 1123.540620 272167 1 309774 359462 437998 496489 557876rat 2057 1411 549 512
sla 0 1124.230620 272154 1 309667 359334 438274 496843 557856rat 2061 1416 549 508
summary18:42:09JAN 09/19 95.973 99.999 10sl 0 2054 1412 544 511 420 271 309798.3 557525.6 6 7 5 5 21 12 158 499.7
ap19:30:21 12.32 14.69 1.2 1063.03 12.13 5.07-12.02 24.9 0-10.3 12.7-6.22 5.01-4.91 .02 0 .04 0 1.27 1.99 6.13 .77 1.98 2.19 12.32 14.69 1.2 1059.11 12.13 5.07-12.02 24.25 .22-10.3 12.6-6.41 5.01-4.91 1.44 9.46 .42 12.48 3.24 2.75 6.13 .77 2 2.19ed