version=2dh090118Sondrestrom 66.9958  50.6214  2.578157pr980
inst 0 -.5461 -.8458 -.9926 -1.0442  .056  .3444  2.35  1.1417  1495  206  2.5E-08 286141699 0  4143  8938  14393  19432  25887 2972mkiii1 0  0  0  0  0  0  0  3  2  242 -3  770  740  8028  178  2515  1 -18  2469  250  .4  0  256  0 0 0 
disp 2859.04  .0757793 -6.76047E-07  2898.24  .075197 -7.07023E-07  2934.75  .074587 -7.34202E-07  2970.08  .0737582 -7.386641E-07  3005.12  7.244601E-02 -6.80419E-07  2826.1  .0765543 -6.94199E-07  4288.56  .113669 -1.01407E-06  4347.37  .112796 -1.06053E-06  4402.12  .111881 -1.1013E-06  4455.12  .110637 -1.108E-06  4507.68  .108669 -1.02063E-06  4239.15  .114831 -1.0413E-06 
zeni .410311 -.368655  .071416 -2.151968  2.162044 -.351812  2.574614 -1.969205  .320049 
hp12:48:59 .9948611 114751.6 80.1 16
hg12:55:22 .9995 285.6671 286 93553 16
sla 0 780.80620 282848 0 321772 375314 458503 519292 586831rat 2082 1417 544 537
sla 0 781.490620 282715 1 322164 374780 459096 520812 585486rat 2089 1436 551 514
sla 0 782.180620 282787 2 322574 375184 458093 520524 586066rat 2081 1429 559 521
sla 0 782.870620 282688 1 322137 374815 458707 520495 586055rat 2087 1433 552 521
sla 0 783.560620 282738 0 322455 374346 459164 521223 586007rat 2089 1445 554 514
sla 0 784.250620 282226 3 322397 375112 458587 520221 585952rat 2081 1427 551 522
sla 0 784.940620 282741 2 322491 374582 458992 521069 586437rat 2087 1440 555 519
summary13:02:52JAN 09/18 93.172 99.999 16sl 0 2085 1432 552 521 418 270 322284.3 586119.1 4 9 5 8 27 20 295.6 387
co13:05:44az: Azimuth discrepancy =  2
co13:06:29az: Azimuth discrepancy =  1
co14:20:39uf: UV fast  scan started
co14:23:57uf: UV fast  scan finished, incident DUV =  .4419407 mW/m^2
co14:44:17uf: UV fast  scan started
co14:47:35uf: UV fast  scan finished, incident DUV =  .5641865 mW/m^2
co15:07:56uf: UV fast  scan started
co15:11:13uf: UV fast  scan finished, incident DUV =  .6450132 mW/m^2
co15:31:34uf: UV fast  scan started
co15:34:52uf: UV fast  scan finished, incident DUV =  .6663788 mW/m^2
co15:55:12uf: UV fast  scan started
co15:58:30uf: UV fast  scan finished, incident DUV =  .64003 mW/m^2
co16:18:51uf: UV fast  scan started
co16:22:08uf: UV fast  scan finished, incident DUV =  .5520301 mW/m^2
co16:42:28uf: UV fast  scan started
co16:45:46uf: UV fast  scan finished, incident DUV =  .4219942 mW/m^2
hp18:28:54 .9943129 115242 80.2 16
hg18:35:17 .9995 285.7456 286 92972 16
sla 0 1120.710620 282603 2 322285 375020 458392 520069 585686rat 2081 1427 552 522
sla 0 1121.40620 283157 1 322115 375199 458990 519744 585738rat 2081 1422 543 525
sla 0 1122.10620 282498 2 322655 375065 458885 519975 586120rat 2076 1426 546 526
sla 0 1122.790620 282859 0 322264 374951 458630 519901 586386rat 2080 1426 548 528
sla 0 1123.480620 282691 0 322473 374605 458646 519998 585043rat 2078 1431 549 517
sla 0 1124.170620 282730 0 322552 374650 458534 520900 585619rat 2085 1438 558 514
sla 0 1124.860620 282836 0 322215 374498 458209 520803 585825rat 2089 1439 560 516
summary18:42:47JAN 09/18 95.976 99.999 16sl 0 2081 1430 551 521 414 268 322365.6 585773.9 4 7 6 6 20 13 193.5 387
ap19:30:59 15.55 16.69 8.04 1059.11 12.11 5.06-12.04 24.87 0 1.01 15.26 1.96 5.01-4.91 .02 0 .04 .01 1.28 2.09 4.71 .66 2 2.22 15.55 16.59 8.04 1059.11 12.11 5.06-12.04 24.22 .27 1.01 15.26 2.15 5.01-4.91 1.44 9.42 .42 11.73 3.11 2.66 4.71 .67 1.99 2.22ed