version=2dh290517Copenhagen 55.716 -12.5615  3.230741pr1000
inst 0 -.5461 -.8458 -.9926 -1.0442  .056  .3436  2.35  1.1417  1545  206  2.5E-08 286141699 0  4143  8938  14393  19432  25887 2972mkiii1 0  0  0  0  0  0  0  3  2  242 -3  770  740  8028  178  2515  1 -18  2469  250  .4  0  256  0 0 0 
disp 2859.04  .0757793 -6.76047E-07  2898.24  .075197 -7.07023E-07  2934.75  .074587 -7.34202E-07  2970.08  .0737582 -7.386641E-07  3005.12  7.244601E-02 -6.80419E-07  2826.1  .0765543 -6.94199E-07  4288.56  .113669 -1.01407E-06  4347.37  .112796 -1.06053E-06  4402.12  .111881 -1.1013E-06  4455.12  .110637 -1.108E-06  4507.68  .108669 -1.02063E-06  4239.15  .114831 -1.0413E-06 
zeni-.0064 -.01968  .01654  .152258  .281884 -.060358 -.509659  .460001 -.042397 
co17:34:28fr: Micrometer #1 discrepancy= 0 Now set to o3 offset = 1
co17:35:25fr: Micrometer #2 discrepancy=-2 Now set to offset = 0
co17:38:32si: New SI, HC = -21, NC =  730  Old = -21 , -945
co17:44:26si: New SI, HC = -21, NC =  785  Old = -21 ,  730