version=2dh220617Copenhagen 55.716 -12.5615  2.81268pr1000
inst 0 -.90381 -.88811 -1.01801 -1.78069  0  .3456  4.4707  1.153  1470 -328  2.65E-08 1030142463 0  4814  10734  18672  22050  26048 2972mkiii2 0  0  0  0  0  0  0 -66  1  242 -3  770  740  8028  178  2515  .99476  12.88  1725  250  .4  64  256  0 0 0 
disp 2860.48  .075384 -6.58315E-07  2899.71  .0747497 -6.81221E-07  2935.87  .0741645 -7.060291E-07  2970.77  .0735149 -7.24738E-07  3004.99  .0725966 -7.06297E-07  2826.03  .0767217 -7.19396E-07  4290.73  .113076 -9.874721E-07  4349.57  .112124 -1.02183E-06  4403.81  .111247 -1.05904E-06  4456.15  .110272 -1.08711E-06  4507.49  .108895 -1.05945E-06  4239.05  .115082 -1.07909E-06 
zeni .265337 -.346674  .098068 -1.265443  2.065254 -.509788  1.440203 -1.98075  .574513 
co11:03:13fr: Micrometer #1 discrepancy= 6 Now set to o3 offset =-66
co11:04:24fr: Micrometer #2 discrepancy= 3 Now set to offset = 1
hpscan11:34:23 0 93185 10 100756 20 101071 30 101139 40 101514 50 101247 60 101351 70 98897 80 83736 90 68055 100 52027 110 36091 120 20260 130 4814 140 415 150 364 160 303
hp11:35:12 .9956164 104796.3 42.2 20
hpscan11:35:13 0 36020 10 50995 20 66419 30 82592 40 96678 50 101745 60 102204 70 102202 80 101713 90 102036 100 102261 110 96515 120 81153 130 65095 140 49167 150 33214 160 17356
hp11:36:03 .9874519 106712.9 74 20
hg11:42:47 .986 1021.434 1021 382070 21
hg11:44:10 .9929 1030.076 1030 411590 21
co12:03:39sr: Azimuth Steps per revolution measured =  14631
co12:05:42sr: Azimuth Steps per revolution measured =  14631
hpscan12:06:23 0 25166 10 40174 20 55408 30 70658 40 85586 50 98899 60 100647 70 100856 80 100845 90 100904 100 100851 110 100929 120 91174 130 75955 140 59712 150 43714 160 28296
hp12:07:12 .9869874 105389.8 82.3 22
hg12:13:56 .993 1029.436 1029 400116 22