version=2dh191017Reading 51.44  .94 3.33pr1000
co09:14:16dh: day header
co09:14:16main: version 4.1024/06/2014 01:00:00
co09:14:16skc: 
co09:14:16autohg:  1 
co09:14:16hifw2:  0 
co09:14:16attn:  25000  80000 
co09:14:16lowds:  1 cubdsp:  1 
inst0-0.269-1.244-2.82-4.8280.33982.351.13930203100.0000000342917617660429091201431519790250002816mkiv2000000029840242-377277056421782650003469750.264256064522112June 14/13EXTRAS1002500080000111220-36510-22-2015@
disp32795.270.0736281-7.08921e-071.35694e-112835.940.0728192-7.10482e-071.34539e-112873.350.0720403-7.11755e-071.33419e-112909.270.0712581-7.12819e-071.32287e-112944.320.0704597-7.13693e-071.31124e-112761.760.0742671-7.07507e-071.36599e-114192.90.110442-1.06338e-062.0354e-114253.910.109229-1.06572e-062.01809e-114310.020.10806-1.06763e-062.00129e-114363.90.106887-1.06923e-061.98431e-114416.480.10569-1.07054e-061.96686e-114142.650.111401-1.06126e-062.04898e-11ThuJun 04/1534692911799@
zeni-0.006400-0.0196800.0165400.1707700.280530-0.061260-0.4913600.456260-0.045060Nov. 29/95@
op_st075C:\Bdata075\icf17315zsfvaldcf15215uvr15215191017Reading51.440.9410003.3323-1114666111110111000101menuo3@
uvr2865 11228.8112870 11576.1302875 11933.7692880 12298.3762885 12666.7602890 13035.9142895 13403.0312900 13765.5322905 14121.0822910 14467.6112915 14803.3262920 15126.7192925 15436.5702930 15731.9392935 16012.1622940 16276.8322945 16525.7772950 16759.0402955 16976.8512960 17179.5962965 17367.7892970 17542.0412975 17703.0302980 17851.4702985 17988.0852990 18113.5822995 18228.6293000 18333.8303005 18429.7103010 18516.6973015 18595.1043020 18665.1253025 18726.8193030 18780.1063035 18824.7673040 18860.4323045 18886.5903050 18902.5903055 18907.6433060 18900.8313065 18881.1223070 18847.3793075 18798.3773080 18732.8223085 18649.3743090 18546.6663095 18423.3373100 18278.0583105 18109.5593110 17916.6653115 17698.3273120 17453.6543125 17181.9473130 16882.7253135 16555.7603140 16201.0943145 15819.0643150 15410.3193155 14975.8243160 14516.8673165 14035.0553170 13532.3013175 13010.8033180 12473.0243185 11921.6543190 11359.5713195 10789.8033200 10215.4713205  9639.7463210  9065.7953215  8496.7273220  7935.5483225  7385.1113230  6848.0763235  6326.8743240  5823.6753245  5340.3663250  4878.537@
co09:14:16start:  PROGRAM start :  OCT 19/17 at 09:14:01
co09:14:16re: Running re from main.asc
co09:15:28re: Zenith discrepancy =  0
co09:17:23re: Azimuth tracker ZEROING FAILURE !!
co09:17:35re: Found diode at step -242 Moving filterwheel #3 to o3 position at  242
co10:42:52cn: Running cn from menu line -200
co10:42:52cn: Starting schedule rdg-075
hk10:42:55 27 27 27 3.9 .99-99-99