version=2dh291015IOS Toronto 43.7957  79.3588  3.07pr1000
co05:01:08dh: day header
co05:01:08main: version 4.1024/06/2014 01:00:00
co05:01:08skc: 
co05:01:08autohg:  1 
co05:01:08hifw2:  0 
co05:01:08attn:  32000  100000 
co05:01:08lowds:  1 
co05:01:08cubdsp:  0 

inst0.0-0.345-0.3331-0.6881-2.0030.00.344002.350001.15040337733230.0000000388607622280.00004390.00008780.000014295.000020000.000025000.00002816mkii20000000363002421.000000000780.000000.0000024692500.2000256064562112Aug 11/15EXTRAS10032000100000010010-19-2015@
disp2809.010.0780809-5.42564e-072849.150.0773642-5.66853e-072886.50.0765212-5.69229e-072922.20.0757354-5.80011e-072957.040.0749406-5.97375e-072764.590.0787727-5.06623e-074213.510.117121-8.13846e-074273.720.116046-8.50279e-074329.750.114782-8.53843e-074383.30.113603-8.70017e-074435.560.112411-8.96062e-074146.880.118159-7.59934e-07WedOct 23/1324698622228@
zeni0.662945-1.0237820.357448-3.6719896.169963-2.0721215.037078-8.1264662.913775May 152002 (o3bpoly)@
op_st017d:\br#017\data\icf27815zsf13502dcf29513uvr21315291015IOS Toronto43.795779.358810003.07420-414676101110110020001menuo3@
uvr2865  2433.2772870  2475.1102875  2514.8512880  2552.5502885  2588.2512890  2621.9962895  2653.8182900  2683.7482905  2711.8122910  2738.0322915  2762.4262920  2785.0112925  2805.7992930  2824.8012935  2842.0282940  2857.4872945  2871.1862950  2883.1342955  2893.3362960  2901.8012965  2908.5352970  2913.5462975  2916.8422980  2918.4302985  2918.3182990  2916.5132995  2913.0223000  2907.8513005  2901.0053010  2892.4863015  2882.2993020  2870.4403025  2856.9103030  2841.7013035  2824.8063040  2806.2153045  2785.9123050  2763.8803055  2740.0993060  2714.5443065  2687.1893070  2658.0053075  2626.9603080  2594.0223085  2559.1563090  2522.3303095  2483.5113100  2442.6703105  2399.7793110  2354.8163115  2307.7683120  2258.6273125  2207.3963130  2154.0893135  2098.7333140  2041.3733145  1982.0663150  1920.8903155  1857.9413160  1793.3383165  1727.2173170  1659.7393175  1591.0863180  1521.4593185  1451.0813190  1380.1943195  1309.0533200  1237.9313205  1167.1093210  1096.8753215  1027.5203220   959.3363225   892.6053230   827.6003235   764.5813240   703.7853245   645.4283250   589.697@
co17:54:38ex: Running ex from menu line -200
co18:01:37start:  PROGRAM start :  OCT 29/15 at 18:01:34
co18:01:37re: Running re from main.asc
co18:02:26re: Zenith discrepancy =  0
ap18:02:36 15.31 18.75 15.94 1380.82 15.17 5.1-15.14 23.99 0 36.71 0 0 4.9-8.03 9.000001E-02 .05 15 18.75 15.63 1358.94 14.87 5-15.14 24.1 1.95 34.09 0 0 4.9-8.03 1.66 10.72
co18:02:55pdhg: Running pdhg from menu line -200
hk18:02:58 15 19 16 34.2 5.56-99-99
co18:03:02hgfw2: HG FW#2 at step  0
co18:03:32hg: DEL key pressed
hk18:03:37 15 19 16 34.8 5.67-99-99
hgscan 0narrow 296warm= .553333318:03:37OCT 29/15 121 130 127 139 156 739 4071 8287 12471 14871 15147 15307 11809 7282 3184 356 172 169 170 164 168 185 191 204 370 3693 9225 15253 20344 21430 21585 19038 13097 6877 1462 243 231 197 200 216
hg18:04:53 .9999 860.0888 860 36577 15 0
co18:05:09st: Running st from menu line -200
co18:05:43ex: Running ex from menu line -200
co18:06:43start:  PROGRAM start :  OCT 29/15 at 18:06:41
co18:06:43re: Running re from main.asc
co18:06:53re: COM error  57( 9312) at 18:06:53 during re
co18:07:30re: Zenith discrepancy =  0