version=2dh230119TORONTO 43.781  79.468 3.072425pr990
co05:29:36dh: day header
co05:29:36main: version 4.2022/01/2019 09:00:00
co05:29:36skc: 
co05:29:36autohg:  1 
co05:29:36hifw2:  0 
co05:29:36attn:  25000  80000 
co05:29:36lowds:  1 
co05:29:36cubdsp:  1 

inst6.477176.282136.060015.808795.758400.00.339802.350001.1424017104100.000000021010191417140.00004160.00008860.000014510.000019400.000025880.00002972mkiii1000000069746389242-3.00000770740802817825150.99690-2.5000017382500.00002560002212April 19/2016EXTRAS10642500080000111290-27001-04-2019@
disp32855.590.0779521-1.02893e-061.64825e-112895.510.07708-1.02796e-061.6384e-112932.380.0762365-1.02677e-061.62867e-112967.70.0753912-1.02534e-061.61872e-113002.110.0745295-1.02364e-061.60839e-112822.610.0786428-1.0295e-061.65589e-114283.380.116928-1.54339e-062.47238e-114343.260.11562-1.54194e-062.45761e-114398.570.114355-1.54015e-062.443e-114451.550.113087-1.538e-062.42808e-114503.160.111794-1.53546e-062.41258e-114233.910.117964-1.54424e-062.48384e-11FriApr 08/16173810182446@
zeni0.03539-0.043630.00532-0.320870.62056-0.038610.38747-0.21157-0.05327N = 40  a = 0.9527 (0.0107)  b = -32.8622 (4.0928)  r = 0.9949@
op_st190c:\Br#190\data\icf11016zsf11016dcf09716Uvr17318230119TORONTO43.78179.4689903.072425220-1014692101110110110111menuo3@
uvr2865  2775.3682870  2822.2152875  2866.1632880  2907.3392885  2945.8812890  2981.9252895  3015.6112900  3047.0782905  3076.4632910  3103.8992915  3129.5172920  3153.4422925  3175.7912930  3196.6802935  3216.2142940  3234.4932945  3251.6132950  3267.6582955  3282.7102960  3296.8422965  3310.1222970  3322.6102975  3334.3632980  3345.4282985  3355.8512990  3365.6702995  3374.9193000  3383.6293005  3391.8253010  3399.5283015  3406.7583020  3413.5283025  3419.8513030  3425.7363035  3431.1913040  3436.2213045  3440.8293050  3445.0163055  3448.7843060  3452.1313065  3455.0563070  3457.5583075  3459.6323080  3461.2773085  3462.4903090  3463.2673095  3463.6063100  3463.5033105  3462.9583110  3461.9683115  3460.5323120  3458.6503125  3456.3223130  3453.5493135  3450.3343140  3446.6773145  3442.5843150  3438.0593155  3433.1063160  3427.7323165  3421.9443170  3415.7493175  3409.1563180  3402.1743185  3394.8123190  3387.0803195  3378.9913200  3370.5543205  3361.7833210  3352.6883215  3343.2823220  3333.5783225  3323.5893230  3313.3263235  3302.8043240  3292.0343245  3281.0283250  3269.8003255  3258.3613260  3246.7233265  3234.8963270  3222.8913275  3210.7193280  3198.3893285  3185.9113290  3173.2913295  3160.5393300  3147.6603305  3134.6623310  3121.5503315  3108.3293320  3095.0023325  3081.5733330  3068.0463335  3054.4213340  3040.7013345  3026.8863350  3012.9763355  2998.9723360  2984.8733365  2970.6773370  2956.3843375  2941.9923380  2927.5003385  2912.9073390  2898.2113395  2883.4113400  2868.5063405  2853.4973410  2838.3843415  2823.1693420  2807.8543425  2792.4433430  2776.9413435  2761.3533440  2745.6903445  2729.9603450  2714.1753455  2698.3513460  2682.5043465  2666.6533470  2650.8233475  2635.0373480  2619.3273485  2603.7233490  2588.2643495  2572.9903500  2557.9463505  2519.8083510  2503.7933515  2487.6963520  2471.5203525  2455.2673530  2438.9423535  2422.5463540  2406.0823545  2389.5543550  2372.9633555  2356.3153560  2339.6093565  2322.8513570  2306.0433575  2289.1873580  2272.2863585  2255.3443590  2238.3623595  2221.3443600  2204.2933605  2187.2113610  2170.1013615  2152.9663620  2135.8083625  2118.6313630  2101.4363635  2084.228@