version=2dh210619inta 37.1  6.733  3.23584pr1000
inst 0  .1845  .16251  .477833 -.48255  0  .341  2.35  1.1342  1490  105  3E-08 1021141693 0  4300  9080  13800  21700  25000 2972mkiii1 0  0  0  0  0  0  0 -1 -4  242 -3  770  740  8028  178  2503  .9965  10  1738  250  .6  64  256  0 000 0 
disp 2856.469  7.694792E-02 -7.58314E-07  2896.38  7.603934E-02 -7.550831E-07  2932.915  7.536076E-02 -7.737756E-07  2968.062  7.460495E-02 -7.844839E-07  3002.456  7.361168E-02 -7.557001E-07  2823.874  7.747915E-02 -7.405234E-07  4284.703  .1154219 -1.137471E-06  4344.57  .114059 -1.132625E-06  4399.372  .1130411 -1.160663E-06  4452.093  .1119074 -1.176726E-06  4503.684  .1104175 -1.13355E-06  4235.811  .1162187 -1.110785E-06 
zeni-.0064 -.01968  .01654  .206792  .281876 -.060814 -.509342  .458899 -.044206 
ap00:30:42 25.17 24.6 23.46 1034.47 11.98 5.02-11.43 24.48 2.51 22.23 22.9 21 5.01-4.62 0 .15 0 0 .02 .02 0 0 .04 36.43 25.74 25.08 23.56 1056.02 11.98 5-11.41 24.24 .55 22.33 22.8 21 5.01-4.62 1.54 9.76 .36 12.16 1.39 .63 0 0 .15 37.52
co00:33:34az: Azimuth discrepancy =  1
co00:56:29ze: Zenith discrepancy =  0
co00:57:03fr: Micrometer #1 discrepancy=-5 Now set to o3 offset = 0
co00:57:39fr: Micrometer #2 discrepancy= 10 Now set to offset =-4