version=2dh210619Arenosillo 37.1  6.73  3.21pr1000
inst 0 -.4009 -1.0721 -1.9735 -3.417  0  .3365  2.35  1.1322  2950  2790  4.1E-08 162741688 0  5000  10000  15000  20000  25000 2972mkiv1 0  0  0  0  0  0  0  2579  0  240 -3  650  595  5252  176  2700  0  0  3469  75  .2  64  256  0 64 56 
disp 2811.3  .0708562 -4.30371E-07  2850.82  .070478 -4.75487E-07  2887.92  .0698651 -4.986331E-07  2923.36  .06928 -5.28082E-07  2957.81  .0689105 -6.02449E-07  2767.25  .0722084 -4.94575E-07  4216.95  .106284 -6.45556E-07  4276.23  .105717 -7.13231E-07  4331.87  .104798 -7.479501E-07  4385.05  .10392 -7.92124E-07  4436.71  .103366 -9.03674E-07  4150.88  .108313 -7.41862E-07 
zeni-.158066  .174348 -.036173  .774254 -.644936  .196861 -.996887  1.441229 -.328908 
co00:30:00re: Zenith discrepancy = -1
co00:31:42re: Azimuth discrepancy =  15
co00:31:55re: Found diode at step -239 Moving filterwheel #3 to o3 position at  240
hgscan 0narrow 302warm= 4.99449900:37:08JUN 21/19 226 253 227 349 4329 11511 19037 26534 32760 34840 36361 32724 25862 18745 10806 5963 4285 2733 1875 1692 1635 1878 2708 4246 6047 10740 18516 25917 32744 36947 35668 33536 27502 19705 11881 4660 406 233 207 209
hg00:38:26 .9959 160.7278 161 73308 19-1
co00:38:27hl: HL is done on extended range Brewers only. Skipping.