version=2dh260619inta 37.1  6.733  3.23584pr1000
inst 0  .1845  .16251  .477833 -.48255  0  .341  2.35  1.1342  1490  105  3E-08 1021141693 0  4300  9080  13800  21700  25000 2972mkiii1 0  0  0  0  0  0  0 -1 -4  242 -3  770  740  8028  178  2503  .9965  10  1738  250  .6  64  256  0 000 0 
disp 2856.469  7.694792E-02 -7.58314E-07  2896.38  7.603934E-02 -7.550831E-07  2932.915  7.536076E-02 -7.737756E-07  2968.062  7.460495E-02 -7.844839E-07  3002.456  7.361168E-02 -7.557001E-07  2823.874  7.747915E-02 -7.405234E-07  4284.703  .1154219 -1.137471E-06  4344.57  .114059 -1.132625E-06  4399.372  .1130411 -1.160663E-06  4452.093  .1119074 -1.176726E-06  4503.684  .1104175 -1.13355E-06  4235.811  .1162187 -1.110785E-06 
zeni-.0064 -.01968  .01654  .206792  .281876 -.060814 -.509342  .458899 -.044206 
ap00:31:46 26.12 25.74 24.7 1079.53 12.1 5.01-11.24 24.48 .01 23.65 24.41 22.9 4.99-4.57 .01 0 0 .16 .09 .12 0 0 0 40.93 26.69 26.03 24.7 1057.98 11.98 5.01-11.25 24.24 .58 23.75 24.03 22.9 4.99-4.57 1.55 9.71 .35 12.17 1.37 .49 0 0 .02 42.18
co00:34:31az: Azimuth discrepancy = -2
co00:57:22ze: Zenith discrepancy =  0
co00:57:56fr: Micrometer #1 discrepancy=-5 Now set to o3 offset = 0
co00:58:32fr: Micrometer #2 discrepancy= 6 Now set to offset =-4