version=2dh030418Delft 51.9969 -4.3863  3.287017pr1000
co23:45:35dh: day header
co23:45:35main: version 4.1024/06/2014 01:00:00
co23:45:35skc: 
co23:45:35autohg:  1 
co23:45:35hifw2:  0 
co23:45:35attn:  25000  80000 
co23:45:35lowds:  1 cubdsp:  0 
inst0-0.1-0.3-0.8-1.300.34352.351.1635617953322.70E-0810151424140438593581375421466251622972mkiii1000000000178-3770740802817824970.9989-13.861738250002560002212jun 02/2015EXTRAS1002500080000110003-26-2018@
disp2856.260.077204-7.66103e-072895.740.076534-7.89846e-072932.270.0759677-8.34882e-072968.340.0745826-7.59488e-073002.550.0738217-7.7018e-072822.970.0780678-7.8578e-074284.390.115806-1.14915e-064343.60.114801-1.18477e-064398.410.113952-1.25232e-064452.50.111874-1.13923e-064503.820.110733-1.15527e-064234.450.117102-1.17867e-06FriMar 23/18173810152414@
zeni-0.006400-0.0196800.0165400.1781180.281752-0.060643-0.5044110.458490-0.043888June17/98@
op_st158c:\bdata158\ICF08518zsf16898DCF08218UVR08618030418Delft51.9969-4.386310003.287017845-3110582111110110110111menuo3@
uvr2865  9745.3642870  9771.9522875  9795.8672880  9817.5002885  9837.2082890  9855.3092895  9872.0922900  9887.8122905  9902.6962910  9916.9402915  9930.7182920  9944.1752925  9957.4362930  9970.6032935  9983.7602940  9996.9732945 10010.2892950 10023.7432955 10037.3552960 10051.1332965 10065.0732970 10079.1632975 10093.3822980 10107.7012985 10122.0832990 10136.4892995 10150.8723000 10165.1843005 10179.3723010 10193.3833015 10207.1613020 10220.6493025 10233.7923030 10246.5333035 10258.8193040 10270.5973045 10281.8163050 10292.4283055 10302.3863060 10311.6503065 10320.1813070 10327.9433075 10334.9073080 10341.0443085 10346.3343090 10350.7573095 10354.3003100 10356.9553105 10358.7163110 10359.5833115 10359.5603120 10358.6563125 10356.8823130 10354.2543135 10350.7933140 10346.5223145 10341.4673150 10335.6573155 10329.1253160 10321.9063165 10314.0363170 10305.5533175 10296.4993180 10286.9133185 10276.8393190 10266.3183195 10255.3943200 10244.1093205 10232.5063210 10220.6273215 10208.5113220 10196.2003225 10183.7293230 10171.1363235 10158.4543240 10145.7153245 10132.9473250 10120.1783255 10107.4313260 10094.7253265 10082.0793270 10069.5063275 10057.0173280 10044.6183285 10032.3143290 10020.1053295 10007.9863300  9995.9513305  9983.9913310  9972.0903315  9960.2343320  9948.4023325  9936.5713330  9924.7193335  9912.8163340  9900.8363345  9888.7473350  9876.5183355  9864.1183360  9851.5153365  9838.6783370  9825.5763375  9812.1803380  9798.4663385  9784.4093390  9769.9913395  9755.1983400  9740.0223405  9724.4603410  9708.5203415  9692.2153420  9675.5713425  9658.6223430  9641.4173435  9624.0163440  9606.4953445  9588.9453450  9571.4763455  9554.2153460  9537.3123465  9520.9353470  9505.2813475  9490.5683480  9477.0443485  9464.9873490  9454.7063495  9446.5453500  9440.8873505  8710.9363510  8687.7493515  8664.7453520  8641.9233525  8619.2813530  8596.8193535  8574.5353540  8552.4283545  8530.4973550  8508.7413555  8487.1593560  8465.7503565  8444.5133570  8423.4473575  8402.5513580  8381.8233585  8361.2643590  8340.8713595  8320.6453600  8300.5833605  8280.6853610  8260.9513615  8241.3783620  8221.9673625  8202.7163630  8183.6243635  8164.691@