version=2dh200118A Coruna 43.33  8.41  2.7pr1000
inst 0 -.4009 -1.0721 -1.9735 -3.417  0  .3365  2.35  1.1322  2950  2790  4.1E-08 162741688 0  5000  10000  15000  20000  25000 2972mkiv1 0  0  0  0  0  0  0  2579  0  240 -3  650  595  5252  176  2700  0  0  3469  75  .2  64  256  0 64 56 
disp 2811.3  .0708562 -4.30371E-07  2850.82  .070478 -4.75487E-07  2887.92  .0698651 -4.986331E-07  2923.36  .06928 -5.28082E-07  2957.81  .0689105 -6.02449E-07  2767.25  .0722084 -4.94575E-07  4216.95  .106284 -6.45556E-07  4276.23  .105717 -7.13231E-07  4331.87  .104798 -7.479501E-07  4385.05  .10392 -7.92124E-07  4436.71  .103366 -9.03674E-07  4150.88  .108313 -7.41862E-07 
zeni-.158066  .174348 -.036173  .774254 -.644936  .196861 -.996887  1.441229 -.328908 
co00:45:56re: Zenith discrepancy = -1
co00:47:16re: Azimuth discrepancy =  1
co00:47:31re: Found diode at step -239 Moving filterwheel #3 to o3 position at  240
hgscan 0narrow 302warm= 4.99366900:53:50JAN 20/18 211 227 223 266 2676 9467 16718 23850 29657 31433 32614 29993 23557 16034 8646 4484 3353 2148 1551 1432 1409 1527 2240 3483 4626 8797 16289 23752 30228 33336 32101 30757 24799 17618 9856 2817 255 236 220 213
hg00:55:08 .9982 160.8261 161 65950 12-1
co00:55:10hl: HL is done on extended range Brewers only. Skipping.
co02:30:20re: Zenith discrepancy = -1
co02:30:25re: Azimuth discrepancy =  226
co02:30:39re: Found diode at step -239 Moving filterwheel #3 to o3 position at  240
hgscan 0narrow 302warm= 4.99366902:36:14JAN 20/18 223 219 245 231 2567 8713 15562 22379 28009 29803 30979 28504 22278 15612 8357 4318 3199 2116 1496 1342 1316 1482 2132 3278 4487 8663 15914 22947 29353 31804 30769 29201 23149 16468 9175 2695 277 244 228 220
hg02:37:33 .9985 161.1471 161 62783 11-1
co02:38:49re: Zenith discrepancy = -1
co02:40:44re: Azimuth tracker ZEROING FAILURE !!
co02:41:00re: Found diode at step -239 Moving filterwheel #3 to o3 position at  240