version=2dh230619Arenosillo 37.1  6.73  3.11pr1000
inst 0 -.4009 -1.0721 -1.9735 -3.417  0  .3365  2.35  1.1322  2950  2790  4.1E-08 162741688 0  5000  10000  15000  20000  25000 2972mkiv1 0  0  0  0  0  0  0  2579  0  240 -3  650  595  5252  176  2700  0  0  3469  75  .2  64  256  0 64 56 
disp 2811.3  .0708562 -4.30371E-07  2850.82  .070478 -4.75487E-07  2887.92  .0698651 -4.986331E-07  2923.36  .06928 -5.28082E-07  2957.81  .0689105 -6.02449E-07  2767.25  .0722084 -4.94575E-07  4216.95  .106284 -6.45556E-07  4276.23  .105717 -7.13231E-07  4331.87  .104798 -7.479501E-07  4385.05  .10392 -7.92124E-07  4436.71  .103366 -9.03674E-07  4150.88  .108313 -7.41862E-07 
zeni-.158066  .174348 -.036173  .774254 -.644936  .196861 -.996887  1.441229 -.328908 
co00:30:26re: Zenith discrepancy = -1
co00:32:08re: Azimuth discrepancy =  0
co00:32:21re: Found diode at step -239 Moving filterwheel #3 to o3 position at  240
hgscan 0narrow 302warm= 4.99450100:37:34JUN 23/19 225 216 235 324 4025 10985 18875 26668 32756 34950 36464 33375 26515 19230 11311 6127 4428 2712 1955 1716 1708 1933 2750 4441 6169 11360 19533 26683 33693 36991 35757 33399 26844 19321 11093 4290 342 240 229 228
hg00:38:52 .9966 161.3134 161 73455 18-1
co00:38:54hl: HL is done on extended range Brewers only. Skipping.