version=2dh240619Arenosillo 37.1  6.73  3.15pr1000
inst 0 -.4009 -1.0721 -1.9735 -3.417  0  .3365  2.35  1.1322  2950  2790  4.1E-08 162741688 0  5000  10000  15000  20000  25000 2972mkiv1 0  0  0  0  0  0  0  2579  0  240 -3  650  595  5252  176  2700  0  0  3469  75  .2  64  256  0 64 56 
disp 2811.3  .0708562 -4.30371E-07  2850.82  .070478 -4.75487E-07  2887.92  .0698651 -4.986331E-07  2923.36  .06928 -5.28082E-07  2957.81  .0689105 -6.02449E-07  2767.25  .0722084 -4.94575E-07  4216.95  .106284 -6.45556E-07  4276.23  .105717 -7.13231E-07  4331.87  .104798 -7.479501E-07  4385.05  .10392 -7.92124E-07  4436.71  .103366 -9.03674E-07  4150.88  .108313 -7.41862E-07 
zeni-.158066  .174348 -.036173  .774254 -.644936  .196861 -.996887  1.441229 -.328908 
co00:30:40re: Zenith discrepancy = -1
co00:32:22re: Azimuth discrepancy =  9
co00:32:35re: Found diode at step -239 Moving filterwheel #3 to o3 position at  240
hgscan 0narrow 302warm= 4.99449900:37:48JUN 24/19 232 217 218 247 2534 8972 17453 25742 32139 34452 35915 33804 27514 20220 11478 6115 4469 2842 1983 1747 1789 1976 2843 4358 6116 11292 19640 26888 33779 36598 35086 33236 27165 18706 10169 3252 254 243 218 204
hg00:39:06 .9978 162.0551 162 72513 19 0
co00:39:08hl: HL is done on extended range Brewers only. Skipping.