version=2dh111118A Coruna 43.33  8.41  2.88pr1000
inst 0 -.4009 -1.0721 -1.9735 -3.417  0  .3365  2.35  1.1322  2950  2790  4.1E-08 162741688 0  5000  10000  15000  20000  25000 2972mkiv1 0  0  0  0  0  0  0  2579  0  240 -3  650  595  5252  176  2700  0  0  3469  75  .2  64  256  0 64 56 
disp 2811.3  .0708562 -4.30371E-07  2850.82  .070478 -4.75487E-07  2887.92  .0698651 -4.986331E-07  2923.36  .06928 -5.28082E-07  2957.81  .0689105 -6.02449E-07  2767.25  .0722084 -4.94575E-07  4216.95  .106284 -6.45556E-07  4276.23  .105717 -7.13231E-07  4331.87  .104798 -7.479501E-07  4385.05  .10392 -7.92124E-07  4436.71  .103366 -9.03674E-07  4150.88  .108313 -7.41862E-07 
zeni-.158066  .174348 -.036173  .774254 -.644936  .196861 -.996887  1.441229 -.328908 
co00:19:16re: Zenith discrepancy = -1
co00:20:32re: Azimuth discrepancy = -4
co00:20:46re: Found diode at step -239 Moving filterwheel #3 to o3 position at  240
hgscan 0narrow 302warm= 4.99366900:27:05NOV 11/18 105 109 112 153 1832 6202 10578 14713 18388 19737 20675 19248 15307 10587 6224 3491 2562 1652 1163 1043 1039 1204 1680 2622 3678 6515 11138 15713 19800 21219 20383 18916 15199 10988 6301 1953 142 106 116 116
hg00:28:24 .9971 161.6732 162 41894 15 0
co00:28:26hl: HL is done on extended range Brewers only. Skipping.