version=2dh040319ENA-ARM-GRW 39.092  28.026  2.84pr1017.49
co02:03:57dh: day header
co02:03:57main: version 4.1024/06/2014 01:00:00
co02:03:57skc: 
co02:03:57autohg:  1 
co02:03:57hifw2:  0 
co02:03:57attn:  25000  80000 
co02:03:57lowds:  1 cubdsp:  0 
inst0-.21-1.1-1.7-2.10.34512.351.1539474075.00000003029576179305000100001500020000250002816mkii10000000238000000000003469750.4025600362112Sep 8 2007EXTRAS1002500080000110004-26-2018@
disp2793.60.0735629-5.47212e-072834.170.0727555-5.50061e-072871.540.0719768-5.52591e-072907.470.0711941-5.54931e-072942.510.0703956-5.57118e-072760.260.0741995-5.44796e-074190.40.110344-8.20818e-074251.250.109133-8.25091e-074307.310.107965-8.28887e-074361.20.106791-8.32397e-074413.770.105593-8.35678e-074140.390.111299-8.17194e-07SunSep 09/0734692951793@
zeni-0.006400-0.0196800.0165400.1707700.280530-0.061260-0.4913600.456260-0.045060Dec. 6  1996@
op_st102d:\bdata\icf15517zsfvaldcf25207uvr15517040319ENA-ARM-GRW39.09228.0261017.492.8411954914673111110111010100menuo3@
uvr2865  2579.6842870  2647.2302875  2714.2882880  2780.7632885  2846.5472890  2911.5232895  2975.5642900  3038.5382905  3100.3092910  3160.7382915  3219.6882920  3277.0222925  3332.6082930  3386.3202935  3438.0382940  3487.6532945  3535.0662950  3580.1862955  3622.9382960  3663.2562965  3701.0872970  3736.3912975  3769.1402980  3799.3152985  3826.9082990  3851.9202995  3874.3603000  3894.2413005  3911.5833010  3926.4053015  3938.7303020  3948.5773025  3955.9633030  3960.9003035  3963.3933040  3963.4373045  3961.0193050  3956.1143055  3948.6833060  3938.6753065  3926.0253070  3910.6523075  3892.4633080  3871.3503085  3847.1903090  3819.8523095  3789.1933100  3755.0623105  3717.3053110  3675.7653115  3630.2883120  3580.7283125  3526.9483130  3468.8293135  3406.2753140  3339.2163145  3267.6183150  3191.4843155  3110.8613160  3025.8463165  2936.5903170  2843.3003175  2746.2403180  2645.7343185  2542.1653190  2435.9693195  2327.6373200  2217.7043205  2106.7423210  1995.3533215  1884.1583220  1773.7853225  1664.8583230  1557.9833235  1453.7393240  1352.6663245  1255.2543250  1161.936@