version=2dh220119El Arenosillo 37.1  6.73  2.47pr1000
co00:38:19dh: day header
co00:38:19main: version 4.1024/06/2014 01:00:00
co00:38:19skc: 
co00:38:19autohg:  1 
co00:38:19hifw2:  0 
co00:38:19attn:  25000  80000 
co00:38:19lowds:  1 cubdsp:  0 
inst0.000001.310001.930002.130002.010000.00.340502.350001.142016001400.000000032010319424520428193551393521690250002972mkiii1000000071226487178-3.00000770740802817825251.00085-12.817282500.0000256064332228July 8/2011EXTRAS10642500080000110006-07-2017@
disp2859.280.0756883-6.63076e-072899.160.0748379-6.65046e-072935.890.0740177-6.6672e-072971.20.073193-6.6819e-073005.490.0723549-6.69476e-072826.380.0763611-6.61339e-074288.930.113532-9.94614e-074348.740.112257-9.97568e-074403.840.111026-1.00008e-064456.80.109789-1.00229e-064508.230.108532-1.00421e-064239.570.114542-9.92009e-07ThuSep 06/07172810322453@
zeni-0.3160230.253103-0.0567431.936716-1.2725450.360417-2.9139282.607734-0.636130Sep 10/05@
op_st150c:\brewer\bdata\icf15617zsf25305dcf24907uvr15717220119El Arenosillo37.1006.73010002.47440-214717111110110130101menuo3@
uvr2865  2946.5382870  3038.4422875  3133.0782880  3230.1882885  3329.5092890  3430.7772895  3533.7252900  3638.0852905  3743.5942910  3849.9862915  3957.0022920  4064.3912925  4171.9042930  4279.3052935  4386.3682940  4492.8752945  4598.6262950  4703.4312955  4807.1162960  4909.5222965  5010.5052970  5109.9402975  5207.7132980  5303.7312985  5397.9152990  5490.2002995  5580.5383000  5668.8943005  5755.2483010  5839.5893015  5921.9233020  6002.2623025  6080.6293030  6157.0583035  6231.5863040  6304.2593045  6375.1293050  6444.2513055  6511.6833060  6577.4863065  6641.7213070  6704.4523075  6765.7393080  6825.6433085  6884.2243090  6941.5383095  6997.6373100  7052.5733105  7106.3903110  7159.1293115  7210.8293120  7261.5193125  7311.2283130  7359.9763135  7407.7803140  7454.6523145  7500.5963150  7545.6153155  7589.7043160  7632.8543165  7675.0543170  7716.2853175  7756.5273180  7795.7553185  7833.9443190  7871.0623195  7907.0803200  7941.9633205  7975.6773210  8008.1883215  8039.4623220  8069.4653225  8098.1633230  8125.5273235  8151.5273240  8176.1383245  8199.3373250  8221.1063255  8241.4293260  8260.2983265  8277.7083270  8293.6593275  8308.1583280  8321.2173285  8332.8553290  8343.0973295  8351.9733300  8359.5223305  8365.7853310  8370.8143315  8374.6633320  8377.3933325  8379.0703330  8379.7653335  8379.5523340  8378.5103345  8376.7203350  8374.2643355  8371.2273360  8367.6923365  8363.7443370  8359.4643375  8354.9293380  8350.2143385  8345.3873390  8340.5083395  8335.6293400  8330.7923405  8326.0233410  8321.3393415  8316.7373420  8312.1973425  8307.6783430  8303.1143435  8298.4173440  8293.4683445  8288.1183450  8282.1843455  8275.4463460  8267.6443465  8258.4773470  8247.5953475  8234.6033480  8219.0553485  8200.4483490  8178.2273495  8151.7803500  8120.4373505  7582.2453510  7554.7493515  7527.4143520  7500.2403525  7473.2253530  7446.3693535  7419.6713540  7393.1293545  7366.7423550  7340.5103555  7314.4313560  7288.5053565  7262.7303570  7237.1063575  7211.6323580  7186.3063585  7161.1293590  7136.0973595  7111.2123600  7086.4723605  7061.8763610  7037.4233615  7013.1133620  6988.9443625  6964.9153630  6941.0263635  6917.276@